255
255
258
261
267
273
278
283
287
291
293
295
296
297
299
301
302
305
309
313
317
322
327
329
329
331
335
337
338
337
335
335
338
339
338
338
341
347
352
358
365
372
376
380
384
388
391
394
395
395
393
390
389
389
386
383
382
385
387
388
388
388
388
388
388
389
392
398
404
408
408
407
408
412
415
416
414
413
414
414
414
411
409
408
407
405
400
397
398
405
411
412
409
403
399
397
399
399
396
392
393
400
409
418
428
438
445
447
443
434
427
426
431
435
439
447
454
458
459
459
458
456
454
450
431
399
378
383
405
421
424
422
421
421
421
419
414
408
402
397
394
391
391
389
385
378
372
369
368
367
365
362
362
363
366
368
367
366
363
359
357
357
354
350
346
344
343
342
341
340
339
338
336
332
323
314
307
305
302
301
300
305
313
326
338
355
367
382
389
400
403
409
412
420
423
428
437
448
462
478
498
509
512
509
510
518
528
531
527
525
523
521
519
528
535
532
527
541
571
590
599
607
625
633
634
631
638
639
641
640
639
633
624
624
634
637
627
611
613
634
655
659
639
633
647
674
679
673
669
676
688
695
698
700
697
691
679
677
678
685
683
678
661
645
632
633
637
634
633
629
632
630
641
652
661
653
637
614
594
586
594
606
611
609
604
604
603
604
596
577
555
540
535
536
538
546
553
557
555
553
550
548
540
529
494
448
416
426
461
490
502
500
494
487
478
468
461
455
451
448
447
448
442
429
412
402
394
393
392
396
400
401
400
399
399
399
396
389
383
378
378
380
378
375
372
372
368
363
358
355
350
343
338
333
328
321
316
315
315
314
56262
54891
53792
53058
52718
52624
52759
54002
55208
55910
55345
54209
55358
56216
56371
57581
58375
57780
58065
58312
58877
59459
59106
59194
59367
60665
60460
59896
57887
56912
55945
56595
56496
56580
56668
55868
55059
53730
52032
50827
52027
53316
53644
52571
51610
50156
49114
48751
48439
48315
47469
46895
46046
46347
46045
46673
47893
47685
47688
47614
47934
49298
48844
48057
48787
48461
45833
45315
44052
42310
41428
40780
40472
42272
42149
41399
39875
38878
39179
40144
41677
41507
40222
39389
38659
38275
37399
36882
36683
37339
36113
33973
33262
33232
33885
34095
33302
32840
32893
35243
37294
36688
36659
37225
38612
40712
42592
47457
49188
47632
46821
47319
45644
46438
45869
44844
44833
43759
43570
43765
44520
44806
43443
42372
42632
43516
43699
44522
45411
45622
45582
45109
44421
44069
43528
43694
43392
42430
41971
41828
40525
39437
38868
38081
37608
37691
36944
37868
38265
37870
37242
36309
35897
35412
34379
34437
34168
33793
33999
34098
34081
33110
32784
31719
32016
31246
29643
28498
27564
27105
26748
25900
26196
26486
24277
22852
24366
26648
26280
27464
31732
40044
44759
44673
43482
44738
45752
50511
55414
57299
56975
54981
51488
45132
41597
38982
35002
31252
28768
27605
27403
27696
29332
29459
28635
28604
28213
27653
28100
28650
27082
26565
27211
29283
30143
30090
30487
30201
29234
29670
29931
30580
31198
29799
28167
26586
24741
22836
22192
21503
21156
21211
22174
22914
22195
22128
22101
22656
22655
22453
22610
23228
22539
21575
21937
23211
23376
23631
25446
26209
26030
26367
26922
27649
27574
26927
26471
25239
24831
23970
23974
24957
26445
28535
29397
30512
31158
33319
35718
35840
34260
33277
32656
32371
32013
31067
30677
30452
30666
30039
28878
28504
28410
29620
30866
33737
35483
34932
34499
36188
36499
36367
35870
36879
36447
35693
35876
35242
34070
32874
30918
28105
26613
26256
27408
27903
27309
27453
26302
25840
24346
22043
21874
21798
20218
18338
16571
15430
14937
14623
14296
14261
14354
14511
14734
14789
14265
14426
15101
15528
15451
15487
16134
16552
16653
16543
16972
17776
18483
19698
22440
24614
24114
24922
27276
28263
30288
31580
33666
34398
34362
34014
33836
33783
32978
31414
29536
28056
25544
23840
23765
21064
18630
17042
16330
15981
15448
15200
15181
15138
14953
14807
15072
15168
15011
14680
15054
16062
16777
16927
17124
17385
17428
17690
18623
19252
19373
19584
20440
21309
21582
21193
21102
21441
21454
21120
20524
20590
20997
20801
20378
22659
24604
24295
25256
25738
26294
25901
25375
24537
23875
22844
22623
23602
24720
26375
26516
26839
26708
26185
25819
23333
22004
20533
19386
18815
16991
15996
15342
14545
14113
13653
14352
14611
15286
16043
17635
19050
20552
20333
20699
22800
24618
26380
26596
27140
27636
26856
27232
26850
25731
25547
26517
27490
27235
26113
25550
25526
25590
25609
25344
24422
21458
19585
19319
19040
18816
18185
18164
18046
17830
17105
16734
16276
16418
15765
15942
16467
16928
17182
17455
18810
20832
20248
18816
17839
17117
16823
16785
17143
17924
18198
17643
18690
20359
20696
20517
20144
19917
19526
18879
17606
16978
15826
15398
15016
14984
14048
13810
13905
14025
13706
13676
14025
13760
13104
13139
12934
13148
12396
12677
12646
12638
12229
12647
12775
12570
12292
12424
12728
13052
12783
13386
13469
14344
14130
14341
14751
15279
15446
16122
16470
17411
17618
18962
20458
22596
23898
24756
26093
25919
25621
25452
24582
23985
22624
22804
22626
21816
19979
18439
17405
17157
16158
15786
15209
15289
14393
14314
14590
14903
14092
13980
14313
14507
14013
14277
14470
14440
14103
14487
14667
15037
14336
14835
15011
15582
15493
15995
16582
17527
18882
19209
18987
19115
19117
19742
20510
21469
21589
21824
22890
23744
23360
23093
23695
23180
21498
21448
21378
21377
20839
20657
21190
22527
22551
23686
23543
24411
24830
27000
28985
29889
29998
30137
30827
31293
32235
33345
33943
33447
33102
33253
34679
35497
34816
33819
33792
34367
33337
33491
33612
33740
33188
32598
32550
31333
29296
28557
27961
28070
27591
27207
27037
26945
26712
28166
29812
30677
30764
32681
34773
35862
36777
37206
36388
36046
37182
37305
36911
36986
36559
37048
37859
36783
34234
33172
34498
35490
35806
36413
35093
34850
34403
35509
36427
37646
37058
36253
36539
36196
35466
34866
35226
35727
36267
36730
36044
35201
35057
35508
35987
36594
36882
36743
36630
36135
36018
36147
36914
36920
36412
35766
35157
34376
33441
32264
31034
29733
26789
25683
25853
25525
25382
25834
26756
27881
29130
30734
31683
32497
32545
32813
33381
33376
32514
30866
30161
31203
31240
31729
31806
32295
31600
32030
33018
32928
33456
33272
34177
34704
34547
35192
35547
34878
34333
34108
33668
33266
31878
31106
31371
31879
32705
34182
35671
36444
36895
36823
37146
37643
36915
37035
37833
38141
39399
38878
37780
37035
36881
36680
36223
36255
36530
36655
36828
36737
36518
36381
36683
36900
36962
36475
36915
36826
36438
36010
36326
36863
36904
36697
36761
37514
37476
37054
37332
37721
37806
38089
38176
37545
37282
36718
36769
36952
36709
36383
36688
36660
36213
36001
36569
36892
36779
36975
37610
37591
37095
36443
36334
36607
36729
36784
37315
37350
37270
37642
37975
37934
38044
37603
37648
37981
37379
37247
37843
38681
39657
41712
41560
40724
40808
39818
39314
40843
41588
41558
41425
41047
40853
41306
41190
41441
41268
40522
40440
40845
40740
40367
39907
39444
38854
38407
38374
38866
38636
38274
38045
38378
38780
39682
40820
40647
39484
38226
37847
38324
38728
39019
39567
39916
39788
39588
39984
40680
40669
40686
40796
40108
39251
39149
39245
39186
38946
38128
37932
37797
38068
38421
38686
37996
36826
36735
37248
37410
37057
36116
35880
36034
36267
35937
35648
34918
34373
33666
33460
33888
34400
34506
34567
34944
35231
35407
36113
36722
37146
37230
37780
38332
38397
38470
39329
40665
41397
42174
42678
42841
43183
43621
44299
44566
44356
43736
43272
42896
43399
43860
44535
45467
45721
45518
45326
45427
45359
44734
45030
45353
45378
45532
45997
46650
47291
47595
48527
50533
52895
55015
55897
56614
57271
57303
57520
58837
60532
61690
62100
61493
61115
60854
60373
60273
59815
58583
57101
56466
55984
55250
55530
56002
55653
54471
53380
52882
52796
52417
52283
51517
49578
48624
49418
49975
50239
50599
51039
52555
54094
55106
56196
56651
57233
57931
59526
61421
65533
252
251
253
255
262
269
278
282
287
286
287
290
295
299
300
302
303
303
305
307
313
320
327
329
328
326
327
330
332
332
332
334
336
334
331
331
338
349
356
364
373
384
390
391
394
402
407
410
410
408
405
403
401
399
391
384
380
386
390
388
384
379
376
374
375
376
379
388
399
404
403
399
401
405
409
409
409
411
415
418
417
416
414
416
415
414
406
404
405
412
412
408
401
395
392
393
397
400
403
410
418
438
462
493
524
552
575
595
603
600
598
608
629
651
674
702
725
742
748
750
748
740
735
722
678
609
565
582
630
660
666
662
660
658
662
661
654
642
628
615
604
598
597
594
587
573
558
546
540
537
532
526
526
531
538
540
542
537
526
515
513
519
516
504
492
486
485
484
482
481
480
479
477
466
445
425
409
404
397
396
45076
45130
44366
43211
42979
42883
43318
43955
44608
45193
44993
44217
45132
45767
46127
46730
47061
46714
48026
49738
50838
51811
52953
52898
52292
52825
53456
53862
52496
50749
49396
47790
46117
44907
44608
43339
42148
40990
39353
38433
38785
39858
41061
40461
39205
38154
37665
37365
36701
36563
37061
36861
36326
37392
38913
39766
40283
40720
41163
41373
40985
40895
40321
40045
40514
40114
38902
38882
38147
37046
36701
35501
34245
35234
36103
36052
34043
32535
32390
32675
33819
33346
32142
30855
29774
29235
29154
28865
28629
29411
28968
27259
26153
26206
27307
27410
26497
25477
25700
27512
28811
28696
28605
28367
28118
28864
30515
32834
34172
33792
32931
32860
32648
33007
33145
33363
33188
32459
32219
31816
31512
32089
32534
32570
33025
34160
35244
36755
38261
40117
41787
43145
44102
44934
45722
47010
48673
50321
54570
59072
59676
59803
59834
57871
57114
59327
61642
64566
65533
64947
64300
62673
61470
60801
59366
58338
56818
56607
57507
57345
56387
55773
56262
55908
56369
55801
53592
50354
46669
44749
43459
41145
39410
37643
32890
27384
24251
23129
21875
21021
21640
25211
27705
27454
26372
26728
28096
31381
34689
36182
36475
36342
35224
34423
33255
31137
29085
28006
27284
26983
27597
30841
35440
37426
36584
36553
37387
37417
38408
39526
39113
38865
39285
41019
42611
42942
42958
43113
44737
46896
46618
46641
47757
47795
45043
41292
37724
35476
34114
33353
32972
32880
34034
35179
35169
35865
36414
37264
38773
39745
39663
39630
39129
38113
38330
41073
42486
42678
44761
45958
46383
46081
45797
46332
46303
45621
43690
42309
41403
39531
38008
38919
42233
44830
45901
47473
48654
51308
55209
55165
52326
50205
49571
49263
49162
47396
46226
45866
45773
44329
42736
41599
40973
41394
43413
46687
48890
47368
46310
46882
47113
45599
44241
44744
46702
49275
49545
48687
47542
44969
40786
36809
34765
34665
36682
37980
38440
38956
37378
36688
34765
31499
30045
29744
27724
24629
21900
20338
19994
19905
19605
19733
20418
20760
20528
20335
20216
20285
20571
20748
21058
21482
21731
22034
22588
22393
22732
23627
25108
27188
30440
32437
32478
33932
36297
38531
41895
45044
47941
48783
48703
47905
45698
43640
41162
38763
36486
34937
32545
30083
28694
26086
24240
22616
21622
21671
21597
21783
21999
21977
22643
23387
23794
23986
24723
24512
24977
26924
28830
29314
29431
29311
29646
30428
31636
32296
32925
33250
34296
35853
36820
36115
34947
35360
35319
33705
32147
31605
31958
30178
28604
31107
33492
34091
35163
36269
37173
36464
35281
33952
32946
31409
30621
32057
33669
35219
35579
35560
35101
34777
33333
31846
30472
28611
27643
26613
25271
24181
22669
21343
20832
20269
21048
21607
23175
25074
27323
29643
32402
32132
34298
37711
42683
46519
46918
46558
46641
45538
45730
44053
41978
42150
43629
44267
44008
42973
42826
41899
42306
43901
42151
39173
35443
32648
32760
33040
33532
32989
33568
33232
32754
31214
29697
28298
28412
27126
26820
27600
29784
31184
31685
34117
37248
35783
31883
29458
28615
27817
27247
27274
28128
27688
27233
29615
32465
33416
32911
32025
32422
31720
30095
27628
26286
24491
23486
23228
23367
22548
21740
21663
22739
22238
21881
21683
21183
19724
18717
17891
17556
16653
16311
16135
15855
15368
15479
15261
15108
14654
14852
15121
15285
14782
15199
15181
15835
15821
15937
16221
16321
16331
16816
16804
17210
17211
18117
18801
20557
21557
22347
23232
23026
22705
22724
22047
21608
20946
21277
22406
21624
20029
18639
18014
17629
17001
16862
16557
16514
15945
15928
16297
16452
16261
15959
16295
16770
16302
16726
16989
17454
17276
17883
18683
19703
18858
19116
19171
19718
19649
20432
21348
23251
25580
26233
25307
24805
24787
26067
27013
28360
28784
30199
31605
32741
31819
31063
31064
29816
28207
27601
26524
25804
24822
24445
25061
26268
26668
27415
26311
26654
27227
29044
30011
29148
27996
27650
27532
27876
28470
29936
31029
30835
31562
33097
36242
37983
38579
39307
40599
44413
43827
46007
48515
49547
49521
49771
50815
49012
45355
44836
44432
45646
45384
45181
45296
45360
45252
47191
49362
50030
50522
53637
56969
58314
59605
61339
59408
58211
61132
62320
62802
63575
63878
63916
63961
61966
57056
54766
57015
58919
58895
58543
54554
52045
50208
50368
53263
57073
55806
52359
50605
48434
46961
45131
43109
42090
41708
41791
39260
34500
32661
31991
31104
30404
29663
28917
28295
27218
27071
26913
27061
26600
25903
25798
25539
25275
24662
24284
23652
22333
20414
20110
20506
20380
20502
21477
22367
23344
24418
26359
28777
30802
31157
32273
33063
32792
31266
29265
29086
30591
30696
31174
30875
30549
29136
29418
29778
29266
29372
28416
28438
28375
28062
28539
28966
28398
27354
27004
26755
26237
24815
24414
24609
24572
24830
26230
26922
27406
27405
26896
26788
26918
26458
26882
27629
27603
28177
29063
28584
27924
27617
27733
27503
26993
26561
26778
26515
25998
25870
26184
26311
26250
25867
25602
25314
25244
25003
25283
25478
25267
24922
25127
25211
25200
25298
25875
26134
26261
26124
26228
26480
26069
25686
25546
25565
25186
24744
24679
24813
24578
24129
24463
24440
24088
24294
25591
25304
24129
23629
23498
23494
23254
22928
23180
23681
23782
24144
25098
25686
25768
25874
26353
26365
25918
25886
26416
27022
26614
26188
26423
25885
25051
24641
24398
24241
24579
24723
24681
24460
24145
24175
25005
25500
24946
24363
24279
24565
24770
24884
25129
24471
23639
23493
23633
23908
23831
23629
23763
24024
24014
24339
25442
25965
25330
24577
24288
24275
24066
24337
24831
24880
24510
24465
25199
25899
26159
25924
26271
25966
25201
25201
25499
25743
25344
25292
25161
24692
24252
24840
25885
25969
25285
24859
25709
26303
26254
25873
25444
25033
24813
24576
24539
24053
22962
22019
22032
21971
22035
22051
22308
22391
22425
22894
23682
24256
24484
24674
24814
25014
24917
24760
24991
25475
26237
26603
27136
26693
25975
26384
27237
27970
27589
27278
27434
26762
26386
26909
27895
28987
29523
29513
29171
28523
28109
28139
28227
28373
28014
27759
27873
27712
27664
28180
29128
29484
30001
30822
31720
31900
31763
32062
32675
32985
33447
33911
34434
34181
33751
33550
34046
34738
34580
34382
33968
33076
32562
32060
32376
32317
31481
30831
30250
30010
29630
29841
30431
30414
29544
27987
27813
28014
27571
27627
28553
29005
29528
30328
30911
31307
31086
31295
31794
32744
32978
32797
262
262
262
266
275
286
297
305
315
323
329
329
330
328
333
338
347
354
360
370
379
388
397
403
403
407
412
418
420
420
419
418
422
426
425
425
434
447
455
463
476
494
503
505
511
520
530
535
536
539
533
528
528
537
540
533
528
530
543
553
553
550
547
560
571
577
574
579
598
615
622
619
620
628
639
643
644
641
646
651
652
645
641
640
645
647
639
625
624
640
666
688
696
682
661
648
655
659
657
651
654
658
664
668
683
698
719
721
708
675
649
639
640
640
644
655
673
681
684
685
681
669
654
640
602
542
506
524
577
610
616
606
594
587
589
592
589
586
581
572
558
547
541
540
534
522
514
509
514
514
512
507
504
504
506
511
513
515
511
507
505
507
501
491
482
480
475
470
465
464
461
460
459
452
436
418
406
402
393
389
58994
56901
56717
55652
54894
53925
54551
54528
55175
55505
55596
54281
55303
56503
57186
57180
57635
57149
58221
59352
60363
62015
63271
62508
61821
62516
64411
65533
62929
61173
59659
57129
54994
52869
52366
49630
48639
47538
45419
44359
45270
46934
50073
47139
46436
45122
44617
43837
42846
42920
44436
44289
43821
45011
47266
48051
49397
49557
49733
49229
48952
48933
47853
46993
48586
49008
47995
48894
48226
46947
47197
45311
43326
45138
46037
46310
44450
42520
42614
42756
44228
43217
41681
39585
38834
38680
38980
38397
37375
38011
38530
36278
34809
35440
36702
36484
34966
33550
34038
35445
37446
36657
36282
35372
34120
34974
35656
35852
37278
36437
36366
37693
37805
38980
38631
39934
40117
39028
38573
37444
37643
38379
38234
37083
37234
38170
38305
37471
38372
39134
40945
41042
40183
40469
40747
39747
39018
36316
35945
35733
34100
34004
33942
31553
30484
30471
31141
31403
32781
33503
35117
33155
32999
31417
32117
33026
32649
33189
35368
33693
31734
32578
35476
34597
34841
33971
33842
31947
30021
29155
29114
27575
26823
27265
25673
24081
23880
24706
25758
24787
25750
30533
33758
32123
30933
32021
34469
39169
44845
45624
45527
44278
41795
37937
37061
36143
33697
32229
30607
28505
28683
27644
29047
28837
29120
30476
29998
28821
29742
30707
30338
28770
28524
28546
29757
29183
29560
28535
28428
26645
26357
26668
28000
24930
23486
24914
25956
24416
24169
23967
24477
23914
23287
23540
24369
22848
21935
22569
22682
21923
21363
21541
23427
22318
22009
21933
23452
23105
22837
23473
24530
24104
25621
26713
27258
26906
27358
26469
28377
27928
27198
27104
29010
30194
30000
31713
33733
35961
36553
38160
37984
35509
33389
32938
33724
34104
34155
33367
33308
32267
30964
30356
31796
33636
33055
35543
37409
36905
35528
36278
37765
36611
34914
35810
33750
30091
30706
30369
30802
30295
30961
29174
28825
27814
27135
27717
29750
29657
30617
31963
32513
29613
29014
30429
31056
29486
28020
27244
28274
28233
27486
27597
27833
27729
27497
28189
28289
27730
28013
28970
30321
29777
30250
30280
31145
30229
30100
30811
30351
30338
31576
35164
36492
36699
39427
39217
42191
42166
42356
41246
44375
44365
42703
39780
39010
38548
35820
36063
34346
31924
32844
29279
28809
27369
26461
26117
26534
26249
25794
25781
26152
25699
25349
25288
25857
25004
24760
23997
23868
23816
23522
23861
24536
23776
24114
25252
25899
25379
25419
25398
25648
25136
25377
25621
26264
26902
25167
25856
27054
28371
29209
32561
35374
34859
37837
37931
39826
39814
38253
36969
37013
36036
35336
36135
37784
41581
41021
41206
40711
38633
39282
36080
34944
34194
31814
31384
28994
27325
27337
26864
26760
25241
26063
25821
26138
25742
25922
25807
26384
25561
25914
28058
28292
28033
27728
28882
29041
28985
29462
29001
29046
28885
28229
30305
31229
29182
27434
27795
27920
26326
26262
26850
25774
25589
25660
24936
24573
24396
24182
24294
24909
24124
24218
23983
23911
23380
23574
23632
23230
23047
22389
22672
23473
22791
23268
23828
23908
25036
25215
25638
26543
27695
26009
26870
26105
26362
28074
27938
26879
26417
25914
25402
25509
25341
25086
24205
24716
23816
23925
23741
23004
23770
23494
23538
23500
24274
24066
24139
25408
24606
24718
24362
24755
24680
24717
24647
24494
25150
24794
24830
24720
25029
24801
25312
24881
25438
25603
26131
26400
26962
26443
27026
26911
27398
27511
29148
30870
31364
31768
32975
32203
32130
31772
30740
31013
30156
30294
30600
30254
28928
27200
26514
26236
26127
25813
25245
25902
25122
25166
25294
25273
25047
24807
24916
25951
25759
25702
25484
25534
26177
25801
26252
26511
26250
26158
26093
26189
26050
26836
26670
27293
28500
28156
27859
27485
27992
28028
28732
28848
29368
29946
30407
30320
29508
28888
29420
28293
27020
27977
27344
27323
27333
27198
26934
28481
27297
28888
28234
28660
29430
31460
33752
34118
33331
33785
34427
33638
35197
35882
36682
35466
35794
35474
38117
39823
39856
39524
40130
41344
39182
39083
38079
37157
36485
36493
37126
35881
34059
34640
34701
36475
36199
36180
35813
34769
34168
36272
36720
37642
37667
39929
40420
39959
40523
40169
39380
38532
39649
40315
39494
39940
38703
40481
39631
36461
35187
34500
35526
37113
40160
42321
38567
38399
37142
38333
38262
41337
41235
40497
40141
37831
37034
37348
37242
37617
38625
40361
38403
36895
35953
37644
37307
37826
37164
36768
36258
35637
35289
36222
35980
35119
34544
35109
34382
33907
33823
33380
33002
32109
28602
29848
29587
29455
28620
29736
30024
30480
30484
31797
30543
30302
29563
31089
31648
29605
28586
28417
28161
28530
28442
30622
29807
29228
28927
29691
29053
30074
29547
30317
30702
32152
31875
33322
33464
32645
32198
32357
32845
32849
31528
30950
31731
29633
30622
31683
32442
31944
32429
32216
31507
30843
30051
30975
31762
31795
32076
34093
33004
33412
32960
33883
34833
33915
33609
34855
34086
34617
34225
34449
34367
34535
33062
33926
32428
32109
31956
32661
33220
32807
32491
32535
31547
32314
31938
33198
33875
33436
33134
33625
33014
33276
33173
33177
33463
33511
32550
33309
32624
32092
30785
32495
32714
31382
28798
32586
32775
30316
28832
28869
29945
29339
28459
28905
29246
28630
29535
30800
30871
31385
30773
32333
32502
31689
30262
31316
32078
30978
29989
31025
29763
28415
28341
28406
28738
29253
28641
28273
27939
27586
27563
28797
28555
28935
27527
27948
27789
28650
28058
28954
29000
28174
27199
27815
28307
29137
27703
28578
28977
29428
29465
30940
30991
30625
28844
29114
29998
29991
29346
30633
30076
29608
28803
29855
30597
31460
30692
30816
30087
29247
29329
30391
30812
30786
30274
29783
29446
28675
29349
31174
31224
29604
29473
31083
32141
31931
29954
29830
29901
30183
29111
28973
28373
27648
26755
27124
27262
28140
27598
27717
27435
27862
28242
29080
30211
30304
30719
30676
30860
30049
29758
30831
31534
31906
31243
32329
31592
30838
29970
31329
32101
32797
31481
31631
31016
30328
30329
31587
32839
34108
32727
32885
31986
31729
31232
31224
32165
32647
31748
32346
32645
32317
31883
32531
33353
33600
34373
34053
33600
33532
32592
33745
34378
35239
34687
34523
33276
31689
32414
32814
34436
35312
34911
34654
33603
33380
33278
33748
35076
34207
33095
31202
30938
31131
31307
32529
33355
33767
31585
31931
31561
31039
30266
30684
31910
32639
33279
33917
33158
32500
32575
33479
34674
35271
32743
254
252
255
258
264
269
275
282
288
291
294
297
298
299
300
300
301
302
304
305
310
316
321
321
323
324
324
323
322
321
322
324
326
323
321
321
323
327
335
341
346
345
348
354
360
362
360
363
365
368
366
365
361
357
351
351
353
355
350
349
352
358
358
355
351
354
362
373
381
380
380
380
386
392
398
403
409
417
421
424
422
426
427
434
434
432
424
423
427
440
449
449
437
425
421
425
432
433
432
433
446
468
493
524
557
585
601
607
604
594
591
601
616
626
639
655
670
676
678
678
677
676
677
678
638
574
526
535
576
601
606
604
604
610
610
606
593
577
562
549
545
542
543
539
530
519
510
505
496
488
484
479
481
486
496
500
501
496
488
480
474
470
467
458
451
449
449
449
445
441
436
434
433
423
405
384
374
369
362
358
36258
32291
29102
27466
30006
30172
32106
29423
29155
30614
32868
30044
30186
31202
32160
28549
32344
32067
33467
31460
33620
33973
35189
33115
31485
31284
33192
32732
30924
31295
30685
27835
31377
30117
33236
30623
32150
33586
34096
30595
32236
32473
34649
32170
33944
32490
34300
34087
33469
32743
33227
31797
33563
33546
34559
30370
32479
34782
35619
33984
33365
34303
35912
34582
34855
33305
32364
31281
33027
32307
31816
32387
33083
33869
35838
34081
35301
34338
34836
33705
36858
36072
37241
34354
34547
35302
34441
33601
33712
32922
33903
33871
33840
33999
34927
34026
34451
33901
33425
31913
34860
34371
34995
33086
33602
34856
34442
33652
37892
36347
33653
34787
33382
32944
35912
33822
35510
36004
34954
33954
35423
37119
37243
35043
34956
36597
38902
36107
41129
40267
40837
41735
45135
47111
47616
46665
47743
42973
42124
36826
32709
36913
35425
34927
35217
31487
32492
29009
32791
35287
37806
34378
36886
31886
33300
34472
36471
38534
42958
39883
36022
37347
39774
40798
41985
40221
39452
37047
35913
32350
31331
28877
29737
31750
30854
30426
31028
32875
34997
33096
34822
33268
36442
35400
36863
34343
33323
29884
31770
31872
33418
32930
33383
29915
26209
26574
29100
31633
30143
29268
29852
28092
26603
23647
24589
23670
23721
22708
22356
21459
21396
19126
20613
17591
19325
19490
23574
21443
19731
13565
14936
16110
16551
12791
15168
18813
21657
21886
22369
22659
23260
22746
21497
21625
23767
21552
19365
20152
20191
19313
21486
19504
20847
18651
19062
17656
15526
16237
15454
15221
14746
14513
16161
13723
15374
14352
18090
16868
17447
17851
18973
20774
20283
19665
20306
21067
21451
21118
19795
19145
21786
21382
19809
19295
17920
17830
19771
19223
21230
19179
21067
20415
20434
23744
22831
25321
21583
21580
22381
25491
25977
25934
27144
28936
25766
18765
19668
19600
18298
18101
22281
24992
25188
23684
24377
23157
23670
23667
23863
25947
26101
25791
28063
27620
27977
30008
31846
30881
31938
31264
31467
30817
30866
31236
31633
33211
32148
32669
33546
34714
34829
33667
35581
34796
35196
34034
34805
35512
34694
32565
35227
38043
38836
43514
51026
50529
55325
53726
54724
52257
54910
56658
54515
48630
40979
42368
40788
40929
38429
31590
35165
31379
33129
31255
31725
30405
28588
29119
29896
29906
28519
28121
28713
28041
27395
25695
26376
25329
23694
23212
24894
24336
25232
24767
23585
22495
23189
21914
22809
22233
22260
21776
21861
23560
21442
23575
24285
25420
27006
26702
29505
34671
35211
30981
31923
33368
33707
32954
33636
32664
33726
34075
33238
35476
32853
37217
37793
37985
37321
37343
37885
35147
33088
34680
34100
33386
28916
29451
29948
29518
29864
28846
31798
31541
30303
27436
27980
26572
26906
23185
25467
23250
22768
20709
18815
20207
20136
19193
21848
20474
19774
21638
21823
23759
23068
20502
20203
20211
20167
19767
20120
22095
23779
23071
24577
23061
22268
20968
21702
21336
22641
23121
23206
24564
23965
23168
25295
24920
22964
21076
20855
20012
19684
20204
21891
23564
25641
25820
27926
28237
27294
30211
28653
28017
24842
26349
28426
27456
25896
26725
27590
27085
26355
27430
28770
28961
28048
27594
29063
27409
27752
27640
29734
29068
29700
29678
30966
29851
32062
32089
32908
32768
32270
33896
34599
33705
34176
33416
33711
32906
34468
33508
33254
33818
33746
33045
34380
34450
33228
33064
33612
33141
33049
33078
33228
35093
34311
35142
34372
35143
33648
36118
35130
33778
34650
33634
33597
35579
34308
33634
32425
34573
34264
33457
32914
32787
33857
33620
33407
33438
33708
33325
32429
34185
33019
33584
35473
35875
36297
36376
34563
36298
37818
35729
36609
37388
37736
36700
36973
37171
38027
41834
40258
37197
36799
36862
37143
37717
39523
39151
39638
39564
37999
34589
34705
35133
33962
32895
33980
33316
32387
35108
33104
31885
32403
30970
32834
30281
31127
32146
34589
36153
36023
35708
36359
36244
35390
36624
36828
39474
38923
41210
40944
45621
48781
50964
50432
51901
56729
54544
53111
51997
49085
46397
45713
50290
48991
46391
49280
48112
51468
51822
49175
47817
46573
45718
49255
49915
51755
51788
53720
55121
51665
51632
55185
53859
49558
53023
51530
50567
54866
53288
54691
51936
48433
46015
44768
46550
49982
57355
65533
55951
58518
54987
55061
56664
62958
62026
57582
57360
53037
53349
52754
51182
51586
53204
51710
50207
46470
43499
45004
42068
40704
39252
36547
36956
37347
37013
34331
35611
34411
35288
34597
33809
35877
34398
34983
35329
34985
32109
34242
33228
33225
32887
33268
32878
34847
33260
33146
31279
32462
29205
27081
27386
29645
28690
28059
26959
29223
25188
28453
25551
30112
28624
29156
30326
30127
30161
28973
33062
33903
34176
35653
33210
33251
32892
32563
30723
31891
30291
30603
32870
33038
34894
35064
34012
34150
36045
34556
33067
36813
34858
34473
35910
35066
34588
33264
33873
35653
34399
33556
33936
34241
34253
35260
33410
34376
34455
33961
33663
35279
34843
34590
33520
34558
34888
32958
33306
34004
34263
36084
33376
36097
33640
33340
35841
34343
33794
32992
32377
34230
33674
32557
33485
35256
32726
33657
32282
35700
32798
34583
34655
35939
32128
35644
34800
36801
34685
34575
33672
34052
33893
34574
35307
35061
32808
32395
33749
34318
32247
34273
32685
32011
30080
30610
31704
32786
34498
36177
32940
34835
33722
34782
34760
35889
34749
34582
33838
37159
33891
33328
31964
35765
34012
33340
32754
36311
32535
35025
34693
35167
33280
33952
34010
35913
33514
32526
33647
36340
34719
34336
32454
34075
32230
34718
35258
36644
32722
33998
33190
33993
32489
34046
33899
35418
33595
33766
34409
33764
33177
34826
32439
33220
31619
33246
33666
33706
32600
34068
33162
32600
31967
33449
31739
33663
29787
32410
31101
34397
32743
32893
31443
34547
35377
35895
33962
36150
33967
33525
33756
35438
33946
33592
34917
34181
32126
31966
32245
33947
31234
31337
31083
33254
31421
32259
31056
33880
32584
34187
32399
34946
30596
32392
30573
32409
31292
31259
31322
32988
29581
31396
30353
33290
32386
31139
31485
33630
31022
32483
31834
32092
30369
30949
32366
32221
31886
32283
31615
34536
32081
32161
29930
32672
30430
32354
31214
32699
32838
32673
33723
33384
30894
31784
30868
32804
28891
31705
34620
31828
29685
29761
33774
35161
32347
32474
31156
34206
29604
32253
33894
34571
31928
33225
35303
35865
32927
32514
29602
33379
31757
32951
32961
35290
32735
279
281
285
291
299
311
321
335
346
354
355
354
357
357
362
367
372
375
382
389
396
404
415
420
423
429
436
441
442
442
441
444
449
448
443
446
460
473
478
482
499
514
524
529
543
559
567
570
572
571
565
562
570
575
568
554
559
576
585
579
570
573
583
588
580
573
575
596
619
630
625
617
620
633
642
641
636
637
642
642
632
624
621
626
626
619
596
581
585
609
635
638
624
597
579
578
591
597
584
565
552
562
570
585
598
611
614
607
590
567
548
538
542
544
554
564
572
569
567
562
559
548
543
535
505
458
428
439
473
491
494
486
486
485
485
479
471
460
449
442
437
433
431
428
424
412
404
401
402
402
395
394
390
393
394
400
402
401
398
393
389
386
383
381
376
373
367
364
363
363
365
363
362
356
345
331
321
316
314
313
40797
37747
38471
37078
37525
36106
35331
36422
35663
35426
35387
33654
35099
34831
34809
38091
35125
33880
36638
33329
34775
34615
33872
31864
32918
35520
36201
32685
32993
33182
31827
32890
34725
36479
34268
30493
31176
32017
30382
33216
34776
36335
34391
33871
33377
33413
33133
30602
31361
32751
33515
31224
31975
31214
31540
30159
33322
32464
29609
29026
30138
32517
31907
30443
31198
31427
34007
32726
34548
35265
34560
30962
35155
37619
35995
35095
33348
37169
36781
37564
39163
37764
36295
35841
36825
36039
36348
34646
34478
34762
33946
33259
33428
35417
35931
34378
34562
34631
33982
34555
34473
36122
34710
33140
32543
33579
34132
32697
32126
32068
34859
32838
35541
38147
37349
36527
38521
37250
36890
37923
39773
38761
36776
33557
36228
37525
37934
38203
39886
40416
38791
38381
39733
40185
39109
38878
37054
40488
42522
40422
38149
37019
36934
34855
36445
35949
36020
35083
32682
33529
31104
30388
32488
33680
31971
31555
30308
32456
30706
29016
29641
29185
28893
26570
27594
29170
27550
26918
26927
28754
29796
28150
30152
28484
29286
28542
33672
32561
33644
32255
36249
41693
43624
41723
42764
44703
50463
59658
63617
65534
64123
61319
58794
53629
49311
44564
43978
40617
37275
35539
37155
36865
36972
34677
33727
33050
34107
31971
33721
32850
30166
30477
30407
34998
36394
36072
34791
32871
36086
35732
38115
38039
41187
37828
37093
37558
35860
32699
33195
34606
32659
32379
35197
35981
34803
33785
35268
36736
37519
35310
36266
36132
35615
32418
34306
33812
33293
31805
32088
31944
32606
32285
32022
31561
31156
29411
27713
29798
28560
28225
30177
30301
31694
30033
32300
32377
32190
32513
33612
29107
28878
28162
30159
29152
31271
26781
27456
27866
31758
27808
30332
26878
28362
28027
31407
32220
33269
29474
30724
31600
35919
35074
35102
35845
34284
40649
39183
37223
36368
33912
33779
32478
33966
31758
36223
35304
35259
33009
31781
30502
29414
28576
30736
31002
28505
27378
27827
26338
26118
26265
26796
24571
26016
25277
25441
24671
26199
25006
26512
25792
24270
22744
24748
24944
25335
25028
25851
25893
28646
29852
32480
29742
29287
30041
28676
29472
32348
32153
33604
34030
31249
30609
30522
32739
35150
32811
31824
32568
31371
30855
32224
30758
30419
27370
27496
28062
27308
25992
27294
27327
25926
25354
24614
23939
25054
25158
25673
27343
28740
27315
28681
27711
27482
27195
27582
28283
28685
27879
29271
29056
30560
30404
28431
28617
28836
30763
30898
30542
31260
31824
28199
29229
30054
26500
27059
25164
23648
23456
25384
25326
26658
26120
27906
27963
27172
28412
27079
28629
30579
29831
30808
27891
28587
28621
26590
27769
28138
29063
27606
26479
26895
27229
28637
26612
27338
29823
33266
32606
34092
33594
29531
29592
31549
34405
32607
30924
32352
29871
30352
30332
28908
30958
32377
32076
31559
31576
31707
30609
31945
35235
34068
35713
31543
29038
29703
29375
28835
27743
26897
26607
25576
26720
27512
27787
28921
27734
29438
27962
26760
29297
29724
30594
34390
34930
29607
28992
30210
31122
31450
28868
29296
29979
28474
30335
30914
34138
30974
29209
27633
31399
29747
27795
28712
28777
28453
28728
29413
28549
28575
27337
27898
27314
28426
27384
27708
27871
27689
26345
27058
26558
27423
27515
26409
25927
27965
25417
26178
28118
26572
27238
25836
29427
27918
26982
26373
27132
28086
28613
28672
30319
31668
29482
30182
31928
31202
31596
32802
34762
33228
32796
33142
35647
34450
34342
33425
32092
32398
30620
30885
30165
29652
27931
27975
28435
27421
28147
27142
28799
26975
26009
27823
27662
26928
26530
27110
27368
27481
26046
26114
26312
26944
26296
26953
27049
27865
28976
27754
29402
28549
28442
27175
28741
29150
27747
27572
27008
28431
28280
29012
29796
28367
28515
28521
29325
29958
30164
30221
30630
30392
31793
32060
32145
30483
31154
30668
34353
33752
30113
31076
33997
34743
36065
34746
34197
33847
34981
36827
36772
35148
33262
32094
33239
31852
32918
33764
32236
31616
31685
33384
35793
36779
37411
37767
38481
37239
37994
35370
34570
33241
31139
31016
30758
28942
29174
29533
28703
29737
29574
30368
30222
30528
32004
32746
32727
36206
34713
33242
34880
33275
32176
32281
33216
33802
33352
34759
33535
32306
33883
33570
32042
32748
32152
32697
32010
32897
31947
35250
35759
35295
35319
36471
35298
34169
33143
33593
34286
35457
36377
36290
36660
37230
37814
38582
40052
40510
39653
38246
40109
40959
40784
41296
39554
39790
38847
38257
39853
38455
38516
37412
35407
35160
34188
35103
34490
35585
35515
37248
36512
36860
37190
36532
36336
36618
37029
35830
36610
35516
33664
34322
35108
34899
36440
35819
34699
34880
34587
35959
34915
33396
33277
32691
32277
30789
30079
34074
32886
32750
33124
32348
31180
30281
31192
31288
28330
29245
27768
29845
29725
30407
30349
30651
28892
29402
30506
32512
29076
29977
30003
31458
30837
30578
32593
35492
34956
36265
35313
37790
36451
35262
35880
37407
36939
37642
36954
38395
35215
37340
37119
36148
36499
37765
37514
38157
34997
34038
34758
35863
35689
36527
36049
36719
36488
36316
35018
37152
36650
37287
37319
38750
36570
34404
36222
35761
33881
33251
36059
37583
35265
34508
35087
36590
35515
35516
34406
36316
34728
35494
35144
35051
34605
34453
35155
36427
33592
31630
33614
33035
33746
34396
35250
35798
32698
33736
35070
35304
35300
34631
32225
32960
33450
32901
35252
33612
32891
32420
34763
34446
34346
33536
34564
34830
33098
32280
31986
33971
33923
34077
33190
33957
33209
34418
34424
35588
34944
35351
33561
34004
35592
34879
35381
34843
34436
33015
33724
34255
33068
33646
34969
34154
33098
31784
32081
34147
32516
32138
31179
30939
31401
31399
31612
33889
31982
31737
32088
32111
31549
30429
31713
31040
31015
30249
30146
31323
30944
30808
30799
31448
31644
30935
30923
30500
28661
30356
31199
32187
30654
33121
32556
32167
32026
32105
31976
32430
32833
32476
32750
32354
30839
29354
30140
31945
32691
31926
32174
31314
30277
30298
30972
30749
30112
30212
32152
31923
31426
31877
32090
33728
34408
34911
34423
34286
32094
31714
32121
31928
30771
31024
31163
31182
29742
29006
29027
31889
30581
28973
27751
28663
28953
29322
28801
30956
30006
29422
30812
30962
31052
30362
31827
34105
31998
30374
27615
29405
28859
28175
29960
31625
33281
31052
30690
31468
30682
31433
30265
31601
29347
31291
32317
31480
30243
30400
30034
32001
32595
285
285
292
302
314
323
334
344
355
360
364
367
369
368
370
374
376
378
383
393
399
409
416
419
418
423
433
439
437
434
430
430
434
434
427
424
432
448
454
458
466
479
484
487
493
503
508
512
515
516
511
506
508
509
501
491
490
500
508
511
501
497
497
504
503
501
502
516
531
538
537
533
533
539
545
549
546
544
545
546
544
540
538
540
540
537
527
519
522
534
552
556
551
537
524
521
528
533
526
515
512
516
521
527
540
548
555
545
531
509
496
493
494
492
496
503
510
509
508
507
503
496
490
481
458
423
404
418
448
466
466
460
455
454
455
452
446
436
427
422
418
421
420
419
413
407
405
400
397
393
392
390
389
388
389
390
389
390
385
382
380
381
379
374
367
368
368
366
364
364
365
365
362
357
346
336
328
326
323
320
21377
23771
22996
24465
23186
27426
29566
31186
32077
30680
30630
33846
30225
32404
32119
29108
34056
35475
32359
34817
33631
34535
33807
34237
35759
32844
31639
33054
34764
34032
34523
35489
36802
37376
40905
46769
46532
45480
49123
42778
42478
44074
44546
44674
46114
45381
44813
46084
46550
43008
40319
41200
39794
40280
37678
37505
35912
38373
39549
40425
41022
40949
44359
44320
44002
43804
39418
37540
35616
33979
30806
36753
32596
31519
36471
32529
34384
31035
33546
33548
34115
35755
36417
37474
35759
36989
34130
35339
34363
34688
32200
33158
31548
31232
30041
32017
34858
33482
34364
35710
40024
38708
39767
39694
41962
46358
44316
57612
65534
61572
49105
54991
48418
45245
51340
45602
44201
42155
41379
42576
43145
42202
40386
40949
41225
40194
42246
43367
43297
42256
40183
39989
42221
39373
37657
38137
38246
34268
31074
31371
31086
32270
27726
33814
32048
32039
29172
28991
33054
32434
33314
32057
31788
28967
29694
30425
33120
29906
32267
34075
34427
33998
34942
34174
35705
33588
32520
33288
33648
31373
28603
31444
30827
34417
33507
30715
29337
36384
31981
35089
35832
39712
45027
49623
44526
41607
33235
27416
29617
32943
36075
35185
36976
30871
28741
30980
28374
27833
27900
29421
28468
27726
29194
30251
31167
30912
28799
29325
26273
28290
27287
26188
26095
26760
27317
27510
31017
33058
23835
25665
23584
26785
25182
25739
26919
26253
24764
26145
23797
21620
23984
22335
20091
23784
21259
23314
22243
18230
18469
20678
20067
21717
19204
20159
19507
19324
20421
21177
25378
25411
21532
23622
23688
27451
26913
30365
30784
24749
27043
26782
26117
25637
22612
26138
25945
26312
26476
27401
28998
34496
35057
33898
31818
33017
29043
33249
29640
33057
31156
33540
31472
32427
29173
33117
29533
32302
32258
34359
35070
35992
31120
35663
35174
36071
37526
32021
33955
35587
31112
33637
31660
32057
28318
28642
26549
25863
26598
30239
28409
30359
30698
29500
25869
28815
30536
25502
26684
28056
24886
26044
26424
26498
26495
27761
27979
29287
25640
28356
29387
30588
29871
29825
29910
30556
28065
28511
28639
29376
26082
25810
26130
29578
28020
30023
32468
32957
31376
34145
36723
37955
36808
40016
40089
38106
34749
36759
34053
32765
31458
31012
31994
29342
28928
29224
27193
25676
26411
28065
26915
26918
27302
28073
28302
27985
24682
26908
25563
24941
24708
27575
25331
26696
26304
27217
25598
25901
24383
25950
25086
26194
23516
25950
26957
25368
22844
23062
24701
24883
23743
23579
24627
27291
27359
30797
29786
31904
30648
30109
29147
28818
26594
22509
23867
23683
24844
27378
30560
29434
28042
28808
26720
29794
27147
25545
27347
26255
27593
24048
24314
26878
24976
24545
25012
24409
24670
23523
21825
23591
23432
22757
23205
23193
22447
23031
23784
27697
26204
27444
26518
25783
25096
23038
24884
25282
26273
25592
23667
27151
26427
22653
24165
22902
22635
23394
22028
24923
24123
25369
23380
25077
26337
25583
24492
24231
22855
21044
21489
23021
22974
21439
23773
25387
20992
21223
24696
24516
21638
21122
21062
23248
22801
22502
25092
24946
23953
24182
25811
27375
25263
22251
24673
24777
24617
23088
24409
23732
24656
25262
24611
25181
24092
23875
26027
24831
24545
23621
27651
26097
27487
25077
26361
26712
26988
25773
26955
28245
26916
26822
24998
26766
26690
25088
26827
27678
29437
26425
27122
28054
25346
25352
25141
26142
24737
23144
25222
28359
28657
28944
30163
32293
28274
27889
27308
28666
29508
27405
28984
32404
31052
27883
29273
28583
29900
26142
28351
30111
28035
25974
28747
29686
28668
28223
26697
28209
28629
27803
25975
28976
28978
27856
28335
29758
29343
27347
28026
28405
25845
26809
26711
29592
27568
29051
28618
29520
30749
27885
26893
28362
28663
26726
30451
33992
30855
29051
29714
30016
28976
28021
26720
25784
26431
26700
27384
28780
29710
24361
25479
28076
28856
26997
28205
30072
31126
31686
33106
33937
33051
31881
33896
35052
37616
36221
36905
36420
36829
35754
34771
34544
28895
30506
28502
27779
26772
25295
25544
27331
26872
25606
25944
27812
26713
26156
26463
27388
27044
26005
26752
27236
27609
28392
31452
30798
28997
29649
28052
28093
29699
30000
31423
33247
31658
29239
29385
29302
27254
28033
29282
29458
32183
33128
32946
34699
34617
35202
35286
35513
33403
34755
34124
32131
31928
32407
32455
35735
37130
36003
35280
35879
36509
34022
33898
36563
36936
35672
34749
35983
34615
33062
32598
33301
32442
32606
33432
34357
35181
34521
30890
30100
28939
28701
28890
29505
28954
29827
28326
29705
30661
32352
32732
34757
36564
36121
35931
36948
34972
37364
33909
34093
35837
34480
34058
34732
37386
37145
38026
38433
38171
40336
39720
43263
43758
44679
44744
45775
41984
42732
41975
40125
38286
39201
39180
39584
43671
45543
48033
52149
49205
51001
49623
49812
49983
51072
52619
51958
50042
54790
48407
47761
46934
47595
44850
43976
42625
42778
39360
38623
38704
40261
39653
40112
38380
40840
36588
41720
41090
41406
37847
39510
39330
40114
39034
40997
41383
42856
40803
41884
40830
39681
38949
39799
38564
42417
38291
41068
41331
40679
37044
38858
35587
40031
39683
40995
42079
44333
44320
42782
42340
45219
44839
41729
41419
42785
42829
44508
45057
46353
42984
43123
42835
43509
40815
40819
41271
43690
42020
42620
45386
47225
51941
46711
46781
50688
48383
46428
47565
48884
48502
51482
50798
51175
50654
49747
48753
49735
48696
48744
50206
51054
50161
45923
46571
45818
46736
48279
46595
44488
42554
44141
43085
44396
43546
44717
41867
43803
42993
43650
41239
43181
42167
43226
42507
43467
41850
40642
41001
42506
44330
44779
45663
45641
44211
43169
39395
41896
41128
43341
43253
43097
42561
41680
39379
40303
40450
39132
37898
38731
37663
37835
38107
40450
41289
41088
40490
40797
40320
39125
39808
38511
38478
39838
39600
39135
37971
36340
36949
35041
35072
36355
37368
38230
36827
35062
34639
37155
36450
37675
39195
41414
38631
37853
38467
38069
37651
38586
38498
38855
37716
37588
34771
35590
37108
37551
38675
39958
38157
36848
36122
35280
34737
34985
34505
35192
37125
37050
37095
39307
40601
39809
42524
44200
41803
41590
39425
43166
46511
47732
48224
48911
47245
46993
41115
42899
42572
42172
42789
41874
39920
38275
35466
36690
38890
43400
41269
39464
40463
36310
35192
33648
36191
36055
35115
36638
35269
37890
35452
35890
34750
36476
37132
37525
37193
37068
37805
33426
251
250
253
254
257
260
268
271
275
276
279
283
286
283
283
282
287
291
294
297
297
299
302
303
307
311
316
316
318
316
316
316
320
321
321
321
326
330
337
347
357
364
364
367
377
385
392
389
393
392
394
391
392
391
387
380
380
384
388
383
383
384
387
387
382
381
387
402
412
414
409
410
412
421
421
423
422
421
422
419
422
421
419
416
412
413
406
401
403
415
424
424
411
402
396
401
411
415
413
402
404
417
442
464
483
504
521
530
531
523
526
535
553
568
582
599
617
626
628
625
623
624
629
630
598
537
495
503
547
576
586
583
582
584
589
589
580
568
555
544
538
538
543
546
537
520
507
498
493
488
484
484
484
492
496
503
506
507
500
490
481
480
478
469
460
453
458
456
458
457
457
457
456
444
424
402
391
385
375
370
23951
30013
27546
31152
29396
32761
31122
34883
31455
30338
29973
34065
33010
29959
30305
31616
29871
31723
31347
33441
31511
32978
34921
33831
31999
32814
35148
33091
36488
36261
34910
33654
28872
33344
31558
32596
33209
30341
29579
29972
31611
33897
30140
34299
28481
33142
31343
32059
29791
29384
28786
33330
32066
33314
34324
35395
32179
34356
33427
34295
33497
34981
32316
35762
34624
34412
31891
29847
31584
33459
32549
33907
31164
32187
32723
31252
30974
29913
31060
29660
28599
29842
29878
29541
27710
28642
29526
29814
27251
30391
31286
31958
30722
30803
31186
30642
29530
29414
28299
29658
28665
31034
29081
29959
31015
28728
29380
33071
32869
34974
34118
31125
33157
34912
32502
32964
29607
31729
28334
29618
29936
31517
30570
29466
30148
29933
30071
29315
26652
30472
28018
30017
27933
26206
28844
27330
24738
28654
27535
30936
34913
32724
31478
35397
33057
36078
37000
38385
33179
39024
39143
38436
35035
38437
40889
41009
41846
38691
36225
37646
36617
42262
37207
41136
37371
40237
39245
39241
39942
38450
36364
39190
37557
35449
30741
28669
26787
26344
26255
27858
26042
26100
26954
30178
31141
27841
28743
30684
29654
32971
32408
37617
32839
37107
35151
32249
32426
33725
32678
31637
30731
35045
33390
34872
38195
35968
38448
41014
39619
40968
41039
43105
40690
36766
41088
40877
39314
40168
41425
41102
38759
37762
33634
41039
37354
35922
35943
38183
35081
35280
32648
33925
32934
32027
34580
34958
36482
34590
35983
37095
37180
35756
38169
40066
38501
38871
45051
45659
42645
48291
47273
47229
47661
49971
48805
52542
49758
48066
47944
49562
45723
45612
45679
46777
48410
47197
51188
51284
58563
65534
56888
53925
52100
54197
53803
57070
50334
52521
49049
53441
47293
46000
47813
43852
45158
44322
43777
54362
50117
48916
46051
44933
45517
40592
44314
38136
39114
41795
41311
40284
38975
40481
35451
37079
34436
38206
40376
36974
42920
38050
42376
39252
35383
36373
36758
34219
34910
33213
31717
31304
30346
32012
31272
33285
33613
34102
34332
32731
29719
32734
32479
33760
32089
31815
30748
33146
32415
33382
31145
31449
29498
31998
33453
31810
31303
34096
30128
31016
28213
34044
33594
33005
33526
33299
38223
38216
34532
35350
35350
37338
33565
35715
34360
32619
32060
31478
32864
32496
31527
33449
36133
35650
35134
35633
34564
36701
35109
33724
33962
34718
36071
37023
37992
36382
35976
39211
37168
38229
38985
38966
40270
39233
43013
41961
42278
40551
39031
37026
35253
35640
36382
34133
34381
38990
43928
46696
46591
47385
46589
46601
46160
45043
41870
41146
42916
42729
46088
43099
44606
42075
39796
42613
42281
38281
37676
37133
37512
34068
31902
33403
30585
31376
28072
28641
31094
32542
33206
34805
32187
36792
38018
39309
42188
43011
45144
49746
48765
50426
48850
48627
47178
47068
43561
44834
45962
48630
45699
45822
45649
42609
41577
40038
38576
42141
42024
40471
42768
43740
40830
42738
43397
40849
39169
37794
36367
37111
37905
38212
40149
39624
38352
38531
35827
35338
38749
38813
36978
33038
32606
36450
36263
35110
34395
34700
38024
34999
36382
38098
37742
36570
34961
37339
34698
32984
33337
32494
32386
31926
32404
33195
35892
34087
32098
34623
30783
33006
30841
32091
26910
28084
30687
28616
30162
28327
28816
27965
29116
27397
29862
28264
28758
25881
28075
28414
28129
28620
29050
28470
26892
29626
29674
27783
28019
27529
31134
33523
33810
31333
33369
34894
32672
33011
30750
32655
32960
32778
33710
32488
34177
32652
28846
28209
29073
27141
28417
30632
29918
27815
28780
29366
28206
28883
30088
28567
30706
30629
28782
33223
30729
30207
30113
29857
25709
27620
30216
28603
29706
29255
29502
29973
29892
27110
30384
31568
30343
32292
30628
30908
33269
31841
32004
30862
36107
38050
34520
35557
37533
36000
33858
31073
33891
30192
33990
35368
34694
33618
32372
34549
36410
33704
33348
34132
33944
34455
33809
34286
35460
33783
35356
37668
37903
35436
36514
35210
33610
32025
31642
33909
29014
31737
31597
32472
35050
33500
33319
31390
33365
33188
34734
38154
35967
36322
40177
38798
41495
41209
40053
36912
38840
38467
42889
38674
41775
42404
37897
40792
42826
38149
39243
40147
39425
37866
38037
39086
40301
41695
43211
40662
37180
37199
32959
42194
36158
38297
36497
34012
31687
32398
38875
34368
35335
29106
33124
33310
33319
28656
31222
30688
35095
33570
33455
33155
35233
33260
36024
34203
32111
31290
33940
34269
34468
36637
35248
32665
32608
32782
28728
29693
29148
30964
29729
30478
30271
28985
29373
30843
31413
31912
30840
35631
34035
36167
38718
39321
37617
35770
34260
36821
34895
36218
33032
38211
34502
36386
35384
31865
34789
34574
35774
32251
34447
34314
34955
35600
35322
35798
32279
35035
33406
36379
32727
31174
32261
33340
32319
38768
35754
31647
35401
35075
30693
36547
36171
33022
35733
33245
35577
36678
33755
35295
33834
33125
31935
29257
31861
32853
30346
32114
32333
32871
32579
29483
28577
28730
28333
31352
30005
30923
29473
30446
28490
29298
28710
28224
28102
30773
30851
29401
30863
30374
28553
30419
29807
27644
26449
28465
29454
28884
26585
28058
28888
25443
26534
29214
26943
26466
28382
27265
25385
25642
23874
23993
26866
25981
27187
28814
28041
27218
30134
29894
29564
31218
28940
29762
30314
30559
28687
30181
28437
29757
26014
25979
27548
26308
23285
23214
23607
25658
23045
27160
25520
26906
25746
22815
23082
25205
25539
26871
24162
26549
23402
23367
22586
26944
24511
23177
21424
24991
20901
22254
24732
26059
23523
25546
25283
23821
22446
24833
22761
24860
22152
22903
22170
22024
21366
23928
24580
23555
24105
25879
25507
25867
23710
25302
22835
24348
25101
26814
24114
25663
23200
24217
26492
25054
24014
29058
26851
24987
23336
25369
24949
23144
22938
22728
24498
24172
21878
24384
24206
23087
23519
24336
21311
21942
22417
24333
26951
23531
24548
25749
23883
27699
24527
25799
24716
25070
23743
24719
24912
25304
22381
24880
22687
23348
23599
25342
23306
25963
25623
26456
23287
24921
23432
25429
26146
27168
24041
25115
25640
28293
25209
25238
23532
24043
26326
27737
28309
29339
26071
27296
26834
30484
26753
29161
27154
28174
30367
31331
32540
32764
32401
31225
30754
30837
28837
30604
28817
28489
28712
30360
30901
31560
30974
35403
34023
31059
27392
29070
25441
26279
27139
31338
29245
29485
29270
28446
29689
33295
28837
29412
29727
33155
33333
33417
251
253
256
259
262
269
277
284
288
289
289
291
293
293
291
294
297
300
301
304
306
311
314
316
317
318
322
325
328
328
326
329
330
330
326
331
342
354
364
370
381
386
392
399
409
414
418
420
429
428
426
422
425
420
412
404
407
411
411
405
402
402
404
402
394
391
394
407
413
416
411
408
408
413
417
415
411
410
410
410
407
408
407
404
396
392
387
386
388
395
401
399
393
383
379
383
389
391
389
383
392
405
425
448
472
500
514
524
524
517
515
521
538
552
566
580
593
600
601
598
594
591
592
590
561
511
473
482
517
539
543
536
534
534
538
539
535
525
513
500
491
487
490
494
490
481
472
467
463
462
460
452
450
450
457
460
463
463
461
455
450
447
442
431
427
424
426
423
422
419
418
418
415
408
396
380
364
355
353
354
30335
31114
30296
28783
25368
24920
30714
33344
32978
32392
34120
30346
34841
32286
37657
31801
31624
29140
29265
29518
30589
31470
27630
28006
26371
34736
27117
32956
29885
30321
30172
35062
33622
29366
31072
26802
29790
29613
32558
30061
29705
26104
34490
29446
33889
30608
27629
29554
29674
33983
31367
31737
27364
30536
29601
32765
33305
27832
28913
30246
29270
35460
30436
28747
30883
32468
27510
35755
30943
28975
31994
28126
29070
30411
25424
32503
26253
28093
26515
28826
28683
23702
29345
29860
27937
28175
26920
30807
27231
31154
27792
24952
29188
27001
31378
26294
27720
31086
24565
27853
30750
30062
30353
29848
26825
32864
29880
33248
32848
29891
24192
29744
29067
32559
27165
33209
31144
25061
30252
31917
33506
28210
28469
31262
31570
29226
31246
38293
35845
32113
33942
34325
31598
31956
29700
34129
33809
36611
36637
38872
35789
32846
35802
33580
30571
32324
29164
35994
33175
24313
25626
30550
29119
30461
25213
27123
24875
28170
22945
26423
26247
24721
28289
22459
29419
25375
26570
27234
25769
31236
31360
28222
32452
32078
28607
29763
31166
34185
32517
30328
29630
38162
34681
33721
25359
33344
32365
39573
34656
32906
34273
35933
37308
38372
39707
39407
36591
33847
36727
34631
37593
37719
43303
44725
39484
41191
40326
38928
42023
40246
38232
42630
41867
53005
51073
54135
45886
47021
47692
56463
54604
53959
60551
48946
47395
44494
41896
40251
44502
40086
39628
35586
41577
45387
38536
39308
38704
38662
37842
37770
35388
39084
33608
31847
32275
33661
31389
30762
37210
36875
35955
36428
33220
34022
32771
37997
33355
33008
36246
35996
34872
34603
34617
41009
33789
35061
31797
37609
41341
32835
36280
38805
41904
40435
43965
36034
40349
40062
42766
35858
41372
39455
41155
37623
42027
43417
47975
33711
43230
43070
44090
44268
40313
43239
43396
61945
65535
56987
55300
57671
49674
46396
44175
41111
51518
49162
41004
49030
40334
45231
38843
39852
37983
37624
36104
34233
29445
31146
33057
31760
29715
31756
30099
31563
30713
29588
27641
29215
30941
29891
30179
32356
30612
30652
30323
31071
30843
30921
33707
35587
37525
31202
31772
32563
29140
31257
34995
34486
40936
40831
38657
39278
38194
42027
39040
39142
39317
38218
39422
38876
36569
36792
35551
33920
32538
34232
33118
33921
34385
31637
33737
33370
34057
33675
35544
34486
34792
37572
41256
36999
37172
38640
36653
38581
37351
40156
39563
40085
44817
44286
45360
43484
40550
41125
42002
40044
38857
40546
40276
39489
34559
33673
33275
33610
31203
30966
30570
27803
27189
27511
28072
30334
28685
29071
28533
28747
25133
25008
27789
29171
27927
28981
30009
31001
33160
31397
32194
35002
30786
31806
34987
33998
32675
32565
35704
36866
36940
39106
45705
41925
40562
39402
41249
42008
44152
41993
39268
35395
38809
37543
38025
37120
40700
42299
40275
38735
37799
39581
39726
42446
43614
44416
41219
36154
33196
32736
33106
30742
32182
30039
30648
32438
30625
31823
31365
31764
31213
34222
35219
35113
35232
37698
43778
47373
40955
37427
36012
33696
34236
32956
34780
31859
34529
35306
38189
39629
38836
36436
32419
37489
36044
31907
31962
33209
32091
30960
28272
32820
31015
32591
30056
28971
31065
31781
31475
28976
29047
27504
32960
28648
28019
27848
27667
31706
30485
26623
28125
24651
26484
27882
24455
29375
29161
24715
25930
26450
28255
28355
28110
28387
30634
28024
30183
31084
31290
25629
29420
27013
28293
29721
30638
31044
30985
28525
32253
29500
30192
28545
27811
29928
30769
28917
29213
29716
27739
29575
26421
28729
30710
28782
30297
27029
27285
27536
26775
27951
23984
24984
27445
26156
27028
25281
26762
28261
27317
29813
29187
28021
27214
29709
31081
28918
28680
30027
31060
31195
29741
30972
32609
32579
29878
31553
29935
32916
34591
35454
31611
33623
36258
32110
33566
32546
29961
29215
33783
35442
35456
31547
32287
33922
34421
32594
33122
34889
33946
31599
32367
33384
32523
33924
32324
32295
34343
34209
32487
33901
34302
31712
33131
33677
37685
43893
42662
42021
43247
43010
39383
38376
39989
36775
36755
31862
30787
30650
26871
31302
33179
32396
36038
35845
33425
37158
37526
38382
38174
40200
38925
39595
38229
35014
37215
35907
36627
36525
35140
33969
34712
35850
34534
33117
32845
28510
34352
32612
35247
36787
34490
34502
31723
36034
36284
36520
35332
32447
32635
36472
33886
34331
31175
31448
33053
31996
30643
34136
32800
32046
32994
34239
31729
33082
31154
30655
30457
31512
36765
32282
30993
33158
29735
32875
34912
35076
32525
33165
33210
33614
34864
35981
33628
36593
37921
39566
42726
42289
40722
41248
39442
36748
38546
41757
40692
37196
37819
37132
38527
39189
40575
38207
37562
36962
33288
35588
35449
35765
36464
35473
35617
32658
36207
34325
32908
34240
32382
31573
31711
28618
31656
32197
29543
32227
32099
29663
30332
31928
31158
32181
29980
32065
32534
31097
33159
29413
31473
28794
30312
29763
28735
30828
33106
31066
29576
30627
28248
29403
31638
28787
31059
30869
31414
28870
29239
28807
31878
31265
28966
31886
31423
30607
30548
32826
31783
33120
30067
33605
31429
30490
30757
28874
31407
30356
29208
29516
28751
30135
27208
28134
28710
33230
30555
29188
31622
30815
28965
31032
29209
29430
30088
30568
31396
32521
30022
29509
34063
30763
29455
32069
32452
27293
31920
30331
32557
31943
27759
28822
35092
30627
29205
30984
27460
30189
29929
29749
30424
31588
31511
32672
32362
33023
31354
29108
31126
31546
30707
27701
28959
31443
32178
31270
29130
32220
31329
30863
30717
29871
28958
29411
30054
32393
27277
31552
31166
31477
29590
28938
30798
30988
27718
30860
29875
31079
33202
31801
30609
32739
29031
27528
25513
29291
29475
27383
31397
28882
28305
32632
28476
27892
28696
28826
28146
30221
28361
30445
30115
29439
27972
29910
29680
30704
30448
27456
27095
29188
29324
29416
28899
29897
29584
30050
29593
32311
32271
29116
29801
28486
30436
29705
29170
31248
30373
32551
27277
28266
29028
30907
28165
31334
31174
31236
31146
31649
32494
31479
30682
30539
30075
32646
32200
29898
30874
31226
31795
30795
28413
29418
28528
29712
30034
27440
31526
30771
32385
32420
31612
32976
33324
30677
30008
31513
32165
31397
33825
34904
32070
31889
35139
31859
33822
30744
33629
37029
33529
32720
28155
31524
30722
33569
34004
27414
32023
34752
32068
31486
31532
31370
28291
31323
31011
31383
32756
32617
29285
31412
29081
33074
303
305
307
318
334
351
364
374
386
394
399
396
397
398
402
408
414
422
430
443
455
466
472
476
481
486
493
494
490
490
490
490
489
492
494
489
490
506
523
537
545
561
574
578
577
582
593
598
597
600
602
594
584
581
585
586
577
570
579
596
610
602
589
588
605
622
627
624
626
636
645
645
644
644
649
651
646
637
630
632
636
636
626
613
604
605
604
601
593
591
592
600
611
623
624
618
602
585
566
561
569
582
587
582
582
588
595
600
589
572
546
533
523
522
525
532
540
543
550
553
553
548
538
526
494
451
423
430
464
491
502
502
492
481
470
466
463
462
457
455
448
444
436
429
413
402
392
393
396
405
410
411
409
409
410
407
403
397
392
387
387
391
392
386
380
377
375
372
365
362
359
356
353
347
339
329
327
327
325
321
26168
30516
31142
31302
33526
31307
29069
28133
32544
34497
33346
27762
31220
27753
29692
31236
28724
30564
29963
26870
25953
30782
30278
31404
28322
31210
32123
33692
30207
31116
33032
30267
29297
33989
32167
30502
32582
36667
32519
29574
32573
33232
28866
32557
27765
32541
34358
30788
32053
29338
31709
31337
29345
30643
29256
28262
30630
30755
31012
30004
30688
34922
30384
31456
27704
32047
31368
28539
29085
33465
31069
30644
31565
33521
30063
30456
29000
32393
30687
29987
29323
33595
35299
35258
32257
31991
31186
26743
26607
29169
31389
28446
23549
23369
24491
28229
27228
26390
24689
26913
27096
32904
33003
31357
32321
30099
29555
32709
33129
33573
30668
20463
25837
27751
31132
28207
28774
31871
28363
29289
30520
28824
29239
25016
20025
24840
25719
30314
31770
30041
26613
32665
32297
31906
30480
31843
31704
36806
33823
33800
36640
36018
34076
36953
31378
36011
34700
29002
33769
35867
32768
32981
29165
33282
28800
30610
30062
29992
33878
34518
31053
32759
30765
31245
28464
32556
33242
35555
32067
31254
30044
25971
30750
33484
30894
32172
28342
32511
35924
34852
32912
35309
39621
43841
40157
30890
30547
34171
32015
33249
34913
36069
32021
39111
29428
25986
28527
33156
32920
30175
29898
35000
34012
32559
33512
31536
28990
29757
30892
30905
30777
32190
32532
30703
31187
34337
36414
30618
32986
31120
28118
34428
29845
31672
32820
30242
29702
33204
29541
33477
30437
29473
32783
32681
33934
30553
29150
31454
28566
29450
30184
30314
32943
34189
34211
34844
30869
31264
27575
33973
33406
34837
35543
31780
27887
28193
29857
32723
29572
32485
30686
32732
33854
33657
37954
33988
31940
29970
34919
32992
33801
32639
32995
31889
32056
34230
31872
32449
31564
33818
32650
35659
32846
27461
31705
32741
33454
33189
32485
29600
28943
30780
33011
26423
31857
28823
32851
31749
28360
31819
27406
28447
26852
28703
32460
36369
33125
31967
31637
32224
33223
35087
32680
33089
32124
33627
35234
36620
31300
33174
37048
36308
35462
32039
37060
33967
31553
36123
33470
35244
34123
32293
34349
35397
35173
32077
33028
31620
32444
34892
33745
31566
31823
30944
33416
34347
32055
35244
28453
35217
30519
31678
30412
27584
29756
29858
30201
27583
28621
31391
29893
30306
32170
31498
30694
33255
35476
36094
37326
36041
36419
32622
35994
35372
33170
34138
33307
32103
30370
33835
36422
35871
35792
35702
34133
36235
35785
33174
31554
31234
35684
31227
32000
35561
35031
33652
35066
34266
32824
35959
36021
33732
34126
31807
32363
31050
31354
31018
32504
32752
31640
33774
32506
32850
32195
33996
29924
29510
30480
29445
31969
32581
33873
31923
32188
32755
31342
35603
34807
34629
38114
35621
34363
37020
33470
32628
33637
34584
35189
35125
33218
33633
36948
36494
35900
32376
32544
35071
33139
33370
34967
34391
34564
31882
30781
33732
36975
31562
30524
31301
32687
32725
34284
33710
33858
36617
35249
35276
38777
36444
32362
32602
34668
34199
33359
33047
34146
35649
35056
33866
32196
33680
33566
34191
35657
32669
30368
29041
31092
32271
34103
26889
30925
33954
34421
31907
30798
35216
34870
29840
30688
34406
35195
32223
30840
33788
33576
32638
35396
36043
35832
37042
31900
37811
34465
34758
32172
35340
35327
35233
36620
35003
35311
33406
36700
34124
35116
34779
36313
33472
36672
35576
35201
34280
34365
33158
32769
35215
31769
33788
34874
31841
32024
29108
30134
31846
32033
30930
28750
33170
32469
30788
30321
32494
30246
31289
32981
33332
31892
31302
35142
33757
28012
31521
37501
36169
35304
29922
35826
35553
37727
33188
34159
35599
34001
34985
33886
36644
35583
35731
37109
34861
35936
34430
36412
35769
37435
34664
35475
34945
34447
33231
33263
34765
33075
33053
33963
33434
31971
34847
34174
33384
32858
33347
36227
37559
33929
34478
33932
35321
31868
28960
31761
32165
35448
30695
32242
33264
32646
27717
32532
29917
30569
28814
30808
31130
31924
28939
30336
27204
29997
24932
28637
28752
30849
31841
28820
28594
31389
32382
32625
36660
34108
32997
35574
34430
32024
37588
37157
36934
37167
37201
34082
34722
36421
35429
35933
39098
33638
32875
33753
36416
31300
32631
32111
29504
32776
30888
32401
30034
34411
36721
36206
36292
35065
33355
34480
38780
35361
34885
33526
35454
38052
36275
33225
38389
41604
35882
35449
35405
32204
28859
29899
33868
35448
33510
31764
28257
29906
32420
32964
32843
28380
31353
30815
30669
31824
29770
31738
30864
31159
30043
30779
29156
31397
32038
33405
32768
33484
32098
33115
31030
32777
31500
32053
28537
29575
30707
31860
32545
35252
39299
40014
34172
35011
28797
32814
33965
33306
35517
31957
35261
33305
33460
36042
31853
35721
32611
35694
34244
33082
32244
29926
28594
31342
33745
33447
30658
31322
29435
26697
34705
35223
33909
28571
33725
34188
26019
27147
28691
30088
31759
29116
32948
36391
30109
33179
33253
33115
30571
31501
30906
32708
29909
34844
31364
34204
31356
35788
31486
33006
31854
33008
32973
31252
35189
35555
32938
31920
33242
33492
32692
31848
31822
30758
34018
36531
33557
33039
34714
38033
33615
31689
33394
30761
33075
33438
33919
32558
30250
31489
35036
34817
33367
32591
34317
34820
33396
32111
31391
35148
36096
34340
35585
37571
35999
33811
37439
35887
34516
33635
37429
36511
33875
33033
37259
38353
37254
38089
37592
35382
37045
36016
36687
37736
38357
36022
37139
36922
40254
35590
38739
37393
37078
37410
39852
40373
37421
35670
37899
38290
35855
36515
37772
39505
36077
36166
37647
35952
42049
40390
42808
40746
38540
36679
38221
36443
37266
37633
39834
40177
41841
40946
40522
41464
41766
41006
42434
40918
36027
35604
46630
45233
42109
39652
44144
44543
39802
41568
41043
43550
41936
40195
41787
42676
44882
36930
38678
41645
45308
39959
41056
40487
41510
40958
40328
38058
40645
38102
35529
38307
42069
40732
44883
43095
43057
39046
43161
45434
43710
43130
47401
44551
46741
44266
43250
43464
44883
46026
48537
48432
49285
47446
45291
42313
45823
42585
47740
49050
48270
43269
45684
45248
45142
42450
46184
44022
45562
47047
47868
44189
43495
40863
46136
54026
49802
52227
53406
52124
47645
49080
53553
52775
50201
48736
52088
52342
53644
53158
52317
65534
54105
47094
45133
44068
43906
47487
46266
50410
45988
41839
43917
47984
52906
46264
46016
45337
42447
42406
44494
47475
41458
45201
46006
46589
47010
45575
46988
42341
45222
46248
49320
48808
34246
254
256
258
260
262
266
271
276
282
284
287
286
286
287
287
288
288
290
294
298
304
306
309
307
308
308
311
314
316
317
318
319
320
321
321
322
323
324
331
339
346
347
349
354
362
368
371
372
371
371
370
370
366
361
359
358
360
361
360
358
359
362
358
356
355
360
366
374
380
379
382
385
393
395
399
399
400
401
403
409
412
415
416
415
412
407
403
403
411
419
416
404
391
391
392
398
400
401
397
397
408
431
460
490
512
530
537
544
541
535
532
535
547
557
562
573
581
588
589
590
593
591
590
585
553
501
470
481
513
530
530
528
529
532
532
526
513
501
489
480
473
470
474
476
471
462
453
446
439
433
427
427
428
433
439
443
447
444
440
434
430
426
422
415
410
408
408
408
406
403
401
401
398
388
370
356
347
343
339
337
35447
31345
35491
37191
38764
36489
35810
35289
36066
39073
38439
37478
37438
36308
37425
37424
30988
28656
31375
33066
35045
32495
37732
34904
32304
34204
37678
33655
31617
35169
36803
32299
33831
32147
31551
29354
30235
34220
27979
32390
35038
32824
29966
27878
32146
32806
35457
33981
32058
31522
33253
30824
33055
29274
34503
35063
34276
36254
33757
36062
32048
32358
33232
32285
30660
26981
31891
35567
38187
35115
37376
32531
40878
34040
33487
35848
31484
36636
37225
36529
33656
28501
33537
31882
30785
33963
33842
37964
37878
33070
34549
35994
34647
34906
37960
39417
38041
38653
38765
40550
37952
37076
35660
38093
37955
34974
40583
33703
33204
32148
38563
29142
38072
33345
35415
40909
37656
30505
31715
33123
33316
31494
32110
33542
36038
36251
30173
34470
39606
40360
34283
32631
31295
34643
32515
32663
30650
28685
34473
32042
29198
29114
27933
25479
31392
28155
29170
28273
33642
30779
31787
30117
29456
29989
34206
30377
29328
29685
29125
27728
26542
28683
26474
31712
33876
31467
30031
29783
32355
33553
35416
29217
28782
25370
33268
38043
40129
31861
38637
36267
37214
32635
32083
31905
34479
31491
39396
39188
34310
33330
28999
31875
32652
33282
31586
32284
36399
38355
36904
37203
35251
33823
33710
32461
35094
34141
35625
33628
33927
33991
37415
37417
37856
40288
37965
38546
35627
33320
41116
36172
33140
32860
35608
37371
36833
36789
32640
29054
26800
25356
31561
31406
32004
30315
31233
32092
33909
33256
33502
32207
32108
32690
29220
31038
22954
24005
24186
23845
23863
27026
24633
24816
28423
27217
24907
29140
25922
30922
26781
32005
30840
34136
30653
29987
34721
31125
30394
29661
30923
33097
31763
33026
35908
32746
34863
34150
30403
33239
33017
32940
33039
35706
41915
38089
34991
35939
40721
33491
34794
36585
37953
40632
33204
32515
33139
38526
33022
40286
39916
42646
38063
38146
38083
34558
35312
34073
38548
41213
39038
41317
40129
35091
34564
37370
38010
35544
34571
37542
42128
39970
35134
39245
37847
37967
40582
40342
40695
38394
37161
37557
36267
36995
38054
38849
35699
36898
39662
39344
42883
43206
44262
40453
46013
46985
44215
44144
49360
44413
47778
50323
49947
48387
47444
50037
43007
45898
44197
46692
46710
43600
41786
40016
39579
38605
37385
40125
39366
37573
41324
34163
37636
37015
36736
35124
37342
35318
32497
33580
32892
31918
36808
36130
36427
34768
34826
38582
34251
37274
40176
35222
39130
37225
38994
34313
34215
33068
34195
36574
36684
39403
40021
36340
33538
32366
37478
38918
35665
37117
36740
40206
41610
40074
39449
40753
40985
40654
37041
36379
39960
38309
38846
38214
38332
38183
39953
40360
37142
40419
35612
36015
36030
37394
37056
37232
38852
38358
39789
42731
37932
39985
34697
31581
35494
34876
36315
32561
33336
29271
35824
30639
34925
31481
31773
32890
35042
37980
33780
35364
34270
31164
32640
35401
33037
30280
28939
27138
28775
26239
27654
31805
30267
33473
30362
33867
29691
32513
31841
31428
28937
25310
27914
26490
25570
34810
32779
34750
34600
36782
35855
36709
32752
34946
38048
37677
34016
36115
35756
34721
33391
34937
34415
32619
31943
27895
35360
31972
34050
34314
30780
28665
32710
31957
35957
28714
32990
33043
37538
34021
38236
31737
32956
34847
34164
38914
37395
35599
36808
35460
35580
37344
38728
39145
37054
35695
33091
35244
34891
37991
32992
36824
36299
38373
36694
36159
37613
40426
36472
33435
36997
37367
36159
38661
41341
35839
40712
39669
32780
39084
32030
35268
35584
34928
35204
35686
35300
34026
35067
34281
36336
36616
37169
39581
34392
35997
35031
34092
36948
34475
39660
34190
35329
34020
36174
33910
35876
38580
36584
31835
38053
39453
38105
35778
35558
33855
38540
38837
34789
36244
34105
35824
38165
39839
34870
33331
34592
38536
40919
33661
39074
41873
37913
36177
34670
35000
37968
38666
37981
40219
37755
36674
39925
37181
37568
36990
36464
37784
41383
41354
38021
33206
37462
42276
44040
40549
45078
45694
46214
46356
49214
47274
56659
2
51184
49659
51457
53169
47547
46948
41494
43031
41340
44261
42595
44321
40987
45159
43406
42726
43804
42600
40727
43643
44944
42397
45918
44420
41907
41878
38936
38613
43390
40204
35866
37715
37472
33354
40601
36999
35200
36431
33452
39273
44483
44497
40888
42246
46519
47688
49110
45984
48330
47313
42628
42008
38645
39872
44272
43946
40790
39115
38649
36848
35664
37049
34734
36013
35839
35929
33336
35157
34415
33292
31475
31197
33814
32635
32331
33097
34363
37324
35387
38288
38316
35096
35008
36323
37119
39463
38163
36883
32642
40634
43321
45178
40465
37364
38151
40801
40941
37169
32161
33146
38571
35972
39336
33892
34189
33731
35357
35135
30862
29979
33963
37312
34733
33800
34752
35489
37653
36457
37395
39241
33324
33670
30432
30149
31897
28884
28017
28993
33299
33132
32631
34152
32580
28889
30544
31894
27402
30701
32009
35543
29939
30486
30227
31112
27154
30694
32027
29612
30516
28085
33157
31381
30069
26719
26833
32101
34278
31233
31741
31292
30012
29802
29009
29876
29249
28482
29856
26887
23692
29154
30589
29886
28139
30346
30991
33094
32177
29041
31785
28776
27269
30841
28655
27379
27090
30841
25502
28703
23239
24340
23961
27980
29494
25377
24460
23908
28519
27181
28689
29677
27873
30370
26910
30606
30521
29128
27881
29472
24419
23194
27391
28867
22534
22975
25359
25162
23515
26165
24920
23566
23089
24379
24515
27645
27817
25367
27390
29164
26069
26554
25294
23138
27462
29762
24222
23907
23953
26494
28993
27040
26116
23258
29011
26208
24428
23653
26695
25656
28059
26278
25221
23259
24831
24881
28617
23968
24045
27379
24422
29177
27928
27549
29362
25135
28986
29066
29639
25090
32080
31417
31568
28952
30301
28584
30338
26974
29334
28815
31485
27288
28647
27928
29264
29897
31918
28958
30024
27943
30444
33280
32246
26443
28708
29526
30983
27352
25083
29285
32990
28033
30040
29876
28383
31505
30094
33485
34268
26452
26538
26360
31173
26828
26315
29452
28993
32678
31950
29748
32559
27885
25190
27415
25819
28650
29540
29113
29358
32934
28079
32410
28607
33139
30732
30404
27931
31098
29708
28881
29877
26759
28815
23770
27724
30013
30015
29952
33363
28340
32857
29952
29741
28308
31693
32185
32743
34476
30494
29050
32656
33227
29188
28400
35029
33738
30498
32160
29700
32851
34456
31945
35095
35150
35562
34252
36742
33863
32588
30621
30743
28447
32768
34062
276
277
276
283
292
303
314
322
335
339
344
343
346
347
353
358
361
364
371
384
392
400
407
409
412
413
419
423
424
422
416
419
426
426
417
412
423
436
444
448
459
466
468
467
474
482
488
494
498
496
488
481
483
484
482
477
476
483
488
488
483
484
491
500
498
494
495
510
523
530
528
530
533
539
542
541
536
537
537
539
532
526
523
525
524
518
509
499
504
517
530
534
526
514
503
498
496
494
494
492
492
490
496
503
516
522
528
524
514
493
478
472
475
479
484
490
495
497
498
498
491
482
474
471
448
418
401
415
440
450
452
448
447
444
442
440
437
431
423
417
412
411
408
404
400
392
385
380
380
380
376
373
376
378
384
385
387
381
375
371
370
370
368
366
361
359
357
356
353
352
353
357
357
356
343
330
320
316
316
315
31702
36604
36553
36256
36239
32006
31076
32075
34099
37977
34851
35448
39475
36357
32270
35253
32516
32977
32358
35737
39050
30860
33020
34067
35196
33311
34243
34312
35580
35627
36538
39707
39438
38914
38380
43498
41916
42977
42064
43161
45865
42848
38574
42045
36905
40193
40001
39555
37149
35895
41856
43687
45873
36965
34477
42842
36643
32893
34074
35110
35699
40085
36454
39653
38241
35811
39267
36933
34921
33968
34408
36820
40178
38965
37657
35503
32022
35950
36241
35059
36473
35221
36462
35797
38846
32584
29858
38184
38316
31548
36107
36268
37982
30699
37428
40550
38908
33935
39546
41396
35825
40129
34845
40138
44641
35794
44398
40151
33694
43550
5
46934
48841
45215
40150
41730
38771
42727
35894
39753
34471
34357
40015
36849
37626
34743
32621
35055
35948
37355
31642
36199
34617
29890
29640
36029
34658
36539
34437
29709
37032
34431
32511
33642
31552
25447
31350
36076
34392
33218
29938
34855
31240
30277
33110
34994
31108
30509
28516
30920
32193
35133
31837
41048
35883
31630
37500
35313
34019
33124
35957
39987
40151
34116
37730
37601
43127
32527
33859
35261
41549
34316
33662
39501
43800
32776
37161
34534
31921
33937
32775
37049
32214
41464
39472
36660
33626
34662
36056
37498
28435
35460
32366
31725
34221
32616
36522
34965
34516
32550
33644
34973
35300
28458
31871
35551
30759
29093
30668
31512
35058
31067
29072
40165
39348
37496
35407
35180
29828
28632
27605
28481
30558
25287
31725
34375
31899
29129
23306
30120
30136
24998
27954
28968
23838
23486
26315
26603
23461
25099
28046
33683
32148
33194
29329
32937
28964
30595
28555
33454
30638
28375
26097
28872
32207
30203
28658
25742
34337
33538
33318
32647
31581
35701
33046
39115
35732
34374
34155
36880
33648
30160
35608
35007
33179
34739
33342
40772
34253
38225
39424
37363
34539
33026
39098
34876
33339
39283
40316
39007
32660
35721
32904
33961
30989
33699
33620
36679
38499
37277
33876
35624
33850
35907
34989
29254
34255
30680
33219
33937
34118
33528
33590
35744
34708
33892
35278
31605
35421
31317
32363
36341
31129
33262
38399
35972
33523
31864
30436
34563
34532
35973
32687
33498
32727
30411
32420
35419
35033
36044
32525
32552
33213
32733
33701
37982
34556
34737
31440
35726
36171
36576
32585
34688
35309
33837
33811
31737
31255
30308
32069
32250
34986
34028
32819
35750
31898
29831
32430
32573
32931
31924
33248
30959
30264
29904
27900
27111
25781
30134
32765
30764
30261
31777
31947
30984
31084
32517
32164
34193
29972
29876
33402
31634
27679
29100
30365
31380
31089
29184
31130
31874
29510
29018
30416
30242
25862
29546
29026
30469
32008
28817
32347
31862
28657
32222
29722
32060
32070
32333
30975
32545
30014
31121
31956
34569
30706
28469
31791
34897
29321
31326
31617
32901
33503
33797
30127
33194
31771
29489
27613
34239
35513
33956
31404
36113
30887
28556
32862
31258
31342
31621
30021
34086
28077
20872
28499
27604
29653
31558
32332
33757
31337
28221
27093
30732
23903
26431
26876
25492
25869
29336
29645
31824
34713
32724
33963
26845
26422
30790
32118
34381
32669
31464
32738
28342
34426
29914
29831
33192
25232
29916
32935
27420
31267
31397
29942
30752
29925
27880
29941
28220
32065
33896
31181
32757
30532
28989
33516
33375
30147
31990
32168
30088
31805
33925
33959
30082
32087
38482
34362
32996
33698
33671
31701
31390
31067
30337
34857
31526
36907
35892
30921
30046
29065
32859
29310
28330
28228
31892
28546
28122
31561
31743
31234
32968
31644
31363
35736
33193
33542
29979
34605
36029
34726
33231
35160
31185
30352
31745
31642
33545
36251
34275
32360
32162
30467
32964
32617
29892
32738
26753
30281
28990
30624
30192
32513
30759
32776
32841
33595
33499
34204
30529
30564
34463
33433
29208
31499
29819
27295
27788
33115
33274
32356
33802
31130
29571
32886
31464
32229
29279
31893
34052
29254
37659
33727
31057
24686
28753
31470
29295
28075
31348
32819
34779
29100
31574
33505
32481
30344
32781
31331
32058
29262
31722
31417
32157
32166
28816
35876
32959
31353
34862
27675
32938
28091
32105
30929
30735
29153
32491
30695
26566
27716
27615
28376
29559
32198
33189
30205
35347
34211
36571
33072
32559
30477
32502
28065
24547
29724
33792
34067
29909
31685
31539
30468
32124
31197
31321
34021
35139
34961
36306
32872
38026
39764
37069
37166
31182
34699
34154
32241
33805
31297
33431
33611
32141
31400
28174
32234
33114
27318
32679
30681
30311
34191
36601
29714
33465
35715
35084
36813
34807
32276
29374
33382
35003
34895
36113
32488
31886
34809
30128
32482
33515
34161
33099
36394
36834
38824
38246
40763
39224
40516
39388
35854
37825
38793
37646
39777
35701
39423
36078
36917
36396
35411
38891
33880
37770
34527
39586
38885
38714
35894
36866
35907
39256
35533
34346
36124
36962
36091
35455
37552
39300
40768
37957
37592
39274
39376
43013
42510
38833
37307
45706
42563
40848
40127
42145
41056
38059
36265
39367
43247
41313
36250
37173
34962
35126
34114
37026
35877
36660
37018
33649
38490
36118
37125
37593
37381
38382
34572
39886
42569
38870
39301
40747
36828
39597
42367
39317
35379
40742
37252
38034
37595
41736
40905
40283
40272
40153
39738
44403
43571
37076
36968
38267
42446
41924
44341
42887
43852
37945
38686
42263
40780
41009
39827
40473
43128
40413
37202
44997
46172
42013
40577
46972
40048
40353
42772
41972
47734
44947
42471
45726
44747
45883
43030
44463
44778
45290
46365
48254
43976
44068
47368
40623
42564
42337
39658
43160
40618
41790
41149
41893
39130
42896
42504
38406
41008
39236
41337
42133
45356
40875
42245
40169
37211
39689
38332
40523
36740
39079
38110
37925
43789
41499
37107
39954
34843
38357
36338
38249
42651
40040
37604
39549
38839
39015
39545
40071
37029
41336
37678
38956
44499
39197
36854
39134
43370
41520
36512
39161
39528
37591
37591
38038
40424
34794
36112
41587
39211
34978
32295
36154
38513
37678
37117
42631
39465
35714
36392
37789
39060
38272
33699
37973
38697
37120
35546
38094
40649
39303
37436
33470
37882
36738
35747
36819
38948
40458
39340
36573
38767
35153
31106
32708
29495
33427
32889
37849
39969
38350
35442
35443
35104
39315
36878
33951
41746
36564
34824
34882
38199
39147
38296
36318
39029
32128
33042
36882
39555
36904
36314
41851
39154
34824
34772
34052
40475
35619
29969
34977
35445
32852
31557
39407
34348
36273
34886
36180
39790
32832
33180
33444
32730
31879
28274
34532
33644
30788
34301
34911
240
240
243
246
251
254
261
265
269
270
269
268
269
271
272
272
272
272
271
275
279
284
286
286
285
282
284
287
291
291
290
288
287
286
287
288
289
292
297
303
305
308
311
316
320
323
324
323
322
320
321
322
322
317
315
316
318
317
318
316
315
311
311
312
315
318
323
327
331
328
329
329
334
338
344
349
353
352
350
353
357
362
360
361
360
359
359
362
366
368
366
358
350
346
347
350
353
356
355
360
369
386
404
419
437
449
462
468
473
470
471
480
492
502
509
518
522
526
530
536
540
544
551
554
535
489
454
455
480
499
504
507
510
514
513
506
492
480
469
461
458
456
458
458
456
443
434
425
422
417
412
412
412
416
419
424
422
423
418
413
405
402
399
394
389
391
391
391
386
385
383
384
381
375
359
345
334
331
327
327
32420
31416
34983
36455
33851
38007
37812
31167
31906
29480
31220
37017
31700
34380
32120
32323
29273
31184
30225
33521
34973
37467
32997
29577
36157
32081
34148
34496
34658
33407
32600
34160
33151
31423
30630
29379
27347
29596
31937
29221
29446
32781
30362
27597
28493
28098
31952
29788
29725
31931
31735
30721
27988
32522
32990
32958
34089
36125
33695
34300
33598
32228
32616
35054
30541
29207
34030
29555
31788
35241
33535
34597
33944
30845
34682
33139
38141
34469
35818
33346
32473
33846
29368
31905
32686
34524
34717
32373
33860
35436
36083
39132
32850
34993
33526
33677
34445
33951
35375
31532
36199
35128
39772
39519
32575
34434
32608
32816
33949
33119
33064
33592
33308
32164
32194
31522
35964
30907
30577
29333
27580
31524
30696
29908
31728
34518
33360
30785
27215
26165
32829
29713
27430
30078
32565
26066
28120
31802
33713
34518
34385
34681
35316
37256
38662
43882
44280
35206
34830
39412
39323
38666
41297
37829
40951
36125
38316
35260
39178
40623
44683
41169
38797
39884
37496
41576
37972
36682
37689
39326
38098
36281
34751
36534
36020
33924
33376
33672
33315
35391
36992
31641
32624
29735
28553
30892
32180
37219
37324
34118
32955
29527
33715
28020
31865
31664
29443
30244
28500
31234
31777
30933
31738
31799
27648
30117
32539
33339
31301
30960
37217
34337
33089
31098
34109
31324
30528
32083
33549
35422
37266
34606
35758
31047
30495
33933
39671
40594
40025
39173
42517
38022
35293
37875
37618
36907
38367
43187
42620
40627
42780
41505
42820
43188
49283
46491
48939
45295
43877
43864
41169
40549
41712
39295
42056
39418
40080
40746
39935
35465
36770
39998
40433
38458
40784
35779
39480
41652
35826
33771
35645
34767
33467
34509
37486
35239
36652
35672
37355
34553
34864
39772
37453
33812
33978
33398
30819
31034
29886
33454
29726
31400
31248
31722
32479
28970
33528
27829
27403
29777
29562
24886
27498
33272
35396
30331
28494
29215
30642
29999
29225
31774
30609
28378
32502
32316
33953
32289
33027
32924
28675
35615
34749
33847
31684
30946
32638
33617
31679
33590
33391
32232
33617
33303
32279
31075
31496
29652
34111
32735
34431
31501
32105
28996
30478
29067
26078
28523
25166
24918
26691
27741
25292
29782
35838
30175
31544
28052
29893
33896
29780
31907
31819
31197
31716
30443
32619
35077
35316
35415
33849
34826
32445
30593
33752
33665
33472
36777
36929
35723
35585
36555
37978
39335
39751
37818
40741
38012
37707
36882
39687
37341
42949
42133
40344
41355
37330
35567
38540
35982
37058
34269
28000
32225
37436
34414
38246
42736
43734
39509
38283
42062
39406
39542
38659
35574
35951
32578
32796
36094
37202
34984
32926
35066
32825
33849
38222
32465
33083
34079
31985
33019
31565
30028
31277
36238
32468
31329
29045
31871
35725
38136
36584
38112
36440
42841
39597
41259
42514
36480
39170
40823
38598
38411
37488
37218
35854
38865
41564
38822
39448
36569
39709
38651
41973
42257
47522
50000
43998
45526
41890
41894
44281
44587
45288
45640
43937
42398
43972
42550
44757
42061
36949
34350
37486
32169
41089
37774
37752
38636
37006
36724
33745
34042
37679
34464
33273
38267
37991
39538
38739
37545
39999
32478
35201
35030
39171
38616
39621
38697
37212
31559
32126
37668
34639
37425
35658
37702
34934
38332
33290
34107
33085
38218
32322
35872
35811
35874
27735
28454
33589
26877
32226
29280
31961
28127
32857
34644
35190
32245
29331
35746
32171
34941
28846
35132
32272
35424
30489
31042
32666
36290
38840
36882
36732
33796
35614
32214
33086
36189
35135
33462
33570
38606
36428
30834
33764
37422
32335
28568
32558
32316
33342
30761
32826
34459
34728
30753
34785
33218
33537
35025
33018
33925
35272
33386
28581
33479
38180
36135
32701
32338
37001
40035
36270
33829
37630
38071
37377
38389
37736
34915
36974
41271
39562
38306
38657
35985
32404
38156
35192
33922
34968
35186
30418
36974
36267
41999
38667
39383
35247
36457
37196
35902
38052
38833
37514
37859
38182
40340
37393
37736
37701
36382
33769
35793
36812
37389
36009
31729
35841
33191
38632
39038
37919
35419
44058
43974
44711
48360
52000
49101
48905
54521
65533
59571
51628
46620
50613
49607
47971
45314
48869
45411
43226
46533
43257
41187
46324
44321
41997
38779
37060
38216
41996
46687
49368
42201
40028
39471
34398
39376
37328
36457
39880
40084
33389
35006
33028
36426
35775
39093
42516
42560
43324
39569
36466
37632
40978
38626
37389
35133
37726
33606
36990
42059
36351
37153
37972
40950
39148
36459
37419
38334
34669
37400
36690
35347
37050
36835
37229
33789
34702
35442
36208
35410
34387
34124
34217
34272
36653
31367
30297
30346
33452
36554
31867
28482
25897
33016
30328
31032
28845
30817
29967
33726
31608
30178
33100
28083
34008
30792
32630
32320
32133
31307
33715
32241
36789
33974
34367
32703
37711
34882
32189
34784
36073
32536
34880
34009
32062
31889
33232
32019
33614
32541
38409
36301
27596
29581
36539
38340
36817
37331
33621
36166
33886
30856
36459
36100
36530
35469
35826
33748
32440
33522
34398
36681
34491
34920
36838
38511
36595
34385
36679
34405
34936
30442
29103
30881
30961
32321
36395
33220
32660
33429
35042
39452
38453
37812
37007
29939
31137
29693
31922
33563
30724
33532
34133
33870
31124
32582
32989
29159
31491
33096
33529
34317
34735
31536
33609
32725
32401
37403
32409
34395
33045
33200
33644
32663
30845
33034
36102
32105
30098
29855
34377
30437
31942
34496
32544
30754
30396
29201
30783
31084
28519
31584
30715
34224
35263
31774
31083
33548
31217
29693
38364
31730
29831
34033
32718
33272
30872
32031
29339
29894
30281
31035
33292
29794
29336
32491
32493
32196
30558
31686
30097
32798
34823
32866
36866
35057
33058
34029
32245
35245
38975
33900
33400
34517
33133
33988
31291
36033
33744
29854
35747
34571
32441
35205
33344
29900
31982
36475
33249
34522
36077
33913
30057
34598
35453
31713
33806
33715
34178
39000
34892
35892
34152
31645
34981
38412
36956
36888
36721
36406
38258
32493
34706
32481
36021
32719
29106
32853
36571
35400
32050
29850
33016
29879
32704
33186
35300
32826
30931
32653
35723
35621
32698
37504
37966
34266
36673
38197
35808
34962
36219
39183
37359
38233
35538
37500
35606
32852
37579
39913
35720
34733
28936
30213
33369
33944
34047
32400
35283
37962
35798
33116
37203
38289
37420
36352
37762
35302
34550
33722
34157
37981
36817
34785
34450
39538
38267
39153
37839
37971
33971
34195
35986
38646
40965
40049
38414
35103
